# Created by Octave 4.2.1, Thu Oct 05 00:13:43 2017 GMT <unknown@unknown>
# name: aristas
# type: matrix
# rows: 20
# columns: 2
 4 10
 5 18
 6 30
 7 15
 10 27
 15 22
 18 37
 22 23
 23 24
 24 25
 27 33
 30 31
 31 32
 32 41
 2 25
 2 33
 2 36
 2 40
 36 37
 40 41


