# Created by Octave 4.2.1, Tue Oct 31 16:19:36 2017 -03 <octavio@Octaviomacbook2.guest.fing.edu.uy>
# name: estructura
# type: matrix
# rows: 50
# columns: 2
 4 8
 4 10
 5 17
 5 18
 6 29
 6 30
 6 43
 7 14
 7 15
 8 28
 10 27
 14 22
 15 22
 17 19
 18 37
 19 21
 21 37
 22 23
 22 36
 23 24
 24 34
 27 33
 28 30
 30 31
 30 42
 31 32
 32 41
 37 38
 37 39
 38 54
 42 49
 43 45
 45 46
 46 47
 47 50
 50 51
 1 54
 2 25
 2 33
 2 34
 2 36
 2 40
 3 39
 3 49
 3 51
 25 26
 26 27
 27 28
 28 29
 40 41


