# Created by Octave 4.2.1, Tue Oct 31 16:20:28 2017 -03 <octavio@Octaviomacbook2.guest.fing.edu.uy>
# name: aristasRes
# type: matrix
# rows: 27
# columns: 2
 2 33
 3 39
 3 49
 4 8
 4 10
 5 17
 5 18
 6 29
 6 30
 6 43
 7 14
 7 16
 8 28
 10 11
 11 12
 12 13
 13 14
 16 17
 18 37
 28 29
 30 31
 31 32
 32 33
 37 39
 42 45
 42 49
 43 45


