# Created by Octave 4.2.1, Sat Oct 28 18:09:17 2017 GMT <unknown@unknown>
# name: estructura
# type: matrix
# rows: 11
# columns: 2
 4 9
 4 10
 9 10
 10 11
 10 27
 11 26
 26 33
 2 25
 2 33
 25 26
 26 27


