# Created by Octave 4.2.1, Tue Oct 31 16:18:47 2017 -03 <octavio@Octaviomacbook2.guest.fing.edu.uy>
# name: estructura
# type: matrix
# rows: 10
# columns: 2
 7 14
 7 15
 14 22
 15 22
 22 23
 22 36
 23 24
 24 34
 2 34
 2 36


