# Created by Octave 4.2.1, Sat Oct 28 18:21:33 2017 GMT <unknown@unknown>
# name: estructura
# type: matrix
# rows: 9
# columns: 2
 7 14
 7 15
 14 22
 15 20
 20 21
 21 34
 22 36
 2 34
 2 36


