# Created by Octave 4.2.1, Sat Oct 28 18:14:03 2017 GMT <unknown@unknown>
# name: estructura
# type: matrix
# rows: 9
# columns: 2
 5 17
 5 18
 17 19
 18 37
 19 21
 21 34
 2 34
 2 36
 36 37


